1 4
1 5
1 26
1 48
2 9
2 28
3 19
3 28
3 35
3 43
4 17
4 28
4 46
5 5
5 11
5 14
5 40
6 26
6 29
6 39
6 43
7 3
7 16
7 26
7 36
7 41
7 48
8 8
8 26
8 36
8 38
9 36
9 48
10 23
10 39
10 49
11 23
11 43
12 8
12 10
12 12
12 14
12 15
12 35
12 45
13 9
13 11
13 21
13 32
13 40
14 19
14 23
14 36
15 19
16 3
16 14
16 23
17 9
17 17
17 35
17 38
17 43
18 17
18 33
18 49
19 23
19 28
19 36
19 46
19 47
20 26
21 8
21 11
21 13
21 23
21 25
21 48
22 28
22 36
22 40
22 47
23 4
23 47
23 48
24 10
24 24
24 25
24 28
24 29
25 9
25 43
26 3
27 0
27 12
28 15
28 17
28 38
29 9
29 28
29 41
30 3
30 5
30 7
30 36
30 40
